X1,X2,X3
3.5734725360155855,-2.4975861096347676,-0.0007770670626739973
5.01264803266582,-1.0618029742829778,0.6461172677520509
0.7600402862785567,-0.19074057083256823,0.6565240523101834
-3.902603460998498,0.5768001894088745,-0.512446463144437
-0.9820360753731059,2.225934929665235,0.7106199157292241
-6.440751208925809,1.4291339624931934,-0.33911212214673125
0.4784637117862362,0.37236853763687267,-0.09470382650810805
7.3932371315040735,0.43054916585934344,2.6221344425043602
-5.555689211343433,0.7612522485665277,-0.7488027854989436
0.6998273200355182,-0.6550704868892978,0.13223524852516355
-0.9799556544607373,0.9486347025225539,-0.21778560881973297
-6.957570168925267,4.1547902659277804,0.9519688367561172
3.1376926175243027,-0.8755616352970979,0.7961944249787083
5.6757659171484605,0.8422129052869585,1.5222879303840808
-1.3284261636963952,1.1328157694251009,0.6710792516936566
-3.1380320779470003,2.439746142990767,0.45840955018002466
-0.6589034516152894,-0.17953429181100067,0.30156746238258886
4.468753745977234,0.6825796702796402,2.185338272138725
4.285443259795846,1.888649429477356,2.300681261250282
4.384213119987368,-0.6958400102549718,0.17440618234005223
-1.7409833560393686,-2.487444682733085,-1.5116850430636284
4.54632905659734,1.8635781707008046,2.963616721425212
3.408233383197822,0.4597712481475728,1.8959866799739524
-1.6322305285178245,1.0982643176439315,0.1015321521461966
1.8602331017534974,0.7397585137473541,0.8524634883070235
6.272466378266947,-1.0719045780989285,1.1195936396243198
3.0162404585746496,-2.4343840210816725,-0.03734462283208673
3.5844557472900576,-0.3828762523791569,0.24824724705307
4.705056913789537,0.5844920661900246,2.2650501259116362
-0.9497379905015384,0.9840448293125365,0.4778053921774414
1.1014728468522221,1.1185957801501383,0.4458510083350662
-3.732438686308991,4.022155658569231,1.7600178589277662
4.8713542579011895,0.3097952541986848,1.98025205650856
-1.7416496648195015,1.577793176376687,0.489268246268775
-1.6659359442579418,2.617992888215464,1.3991479463609395
7.035432278087276,-1.7158724051614858,1.6246494501724857
6.783884004266176,-2.7486112226502164,0.4965103831670951
2.684623276612756,-1.6183637174336036,0.340985892148962
4.814716122014978,0.6506115580498015,1.9055885729182342
7.4254078739586475,0.8274076751707167,1.6096901156904537
1.4816133974586492,-2.323365630321301,-0.6002076433257346
-3.825704439684878,3.2410950784557566,0.8675693841992628
-2.134355163455001,0.6607433977636546,0.5946448987964817
-0.8754760208332344,1.8346013232333829,1.4239958202269154
1.9686591825567976,-1.8250735134957914,-0.9884614496351611
1.8134371359491097,1.1190374782487584,0.8268016573442951
4.313449040726305,-1.303369699172447,1.1291526118896094
-2.9443942903529194,3.3661759521500416,1.7225719529920436
-6.4100931755792026,1.9560137556016575,0.35578980166207963
1.1446639607811342,1.1167118133002853,1.3361233662341045
-2.687422735701789,1.3520705632577075,-0.4395458222301145
-3.929221161724888,2.751023514733301,1.867653823056861
-2.883183499624559,1.407739421145817,-0.024160934457350347
2.7037647876587783,1.8321084818083768,1.4169563230289008
1.052960317556223,0.3729687102967322,1.4379316244239992
-2.9299108283561597,1.950445656064816,0.6660015852538747
4.3765893428127765,-0.3450659197687309,0.9583294149717656
-5.403939072654069,2.606057524998536,-0.858055368620563
5.036387387288234,-0.4710661318587335,1.55004902227969
4.981174949289744,-0.8982759010873409,1.2546231197882662
2.742461844408174,0.6719931008018629,0.08317137638702432
-6.671742017980479,0.8573416788329421,-0.9281152169505091
0.6086572398927046,0.9686151399056139,0.37603253762703776
4.8227993644964124,-0.37104347831099793,1.1022753463303394
3.052906317977805,1.4911005540190905,1.5444350308004056
-1.3249350737034031,-0.14493515164941717,-0.2742238535528745
1.945456978953021,2.1667838970855953,2.054820372916547
-1.1529766659574092,-0.42610540053616686,0.21145076362842474
2.2085899706442795,2.8135104450370045,2.0607310591658283
-0.5823949277424525,-0.958761817526415,-1.1392036936395407
1.0953422360387717,0.39675701305365707,0.8007772946969297
-0.46648617406768855,0.6679432975250087,0.9621693398919666
0.5150912825246223,0.7991209896881749,0.6515203848420373
3.6735148969101585,-1.747670588350302,1.5400634070213028
0.500182852752054,-1.7320471240160686,0.30109606670569594
-3.5510510129753596,1.2702267154383282,0.1563871039435577
-1.6759321284741624,3.2263242297025476,1.1542737748982876
4.206951295215383,0.9040816205469995,2.0125078854522873
2.2403127318684453,0.9885969414705635,1.2954532427611867
1.728985934588941,0.5978389192258646,0.9930580635655437
0.0031539645680139228,0.656196760507671,0.6641787681476514
7.102198950530006,-0.1399330969967073,2.16736610343918
4.430486036397774,0.25901386439625657,1.225886348427993
5.049668025379542,-1.111777590686821,0.9027192151110467
2.4085134952822607,0.7079106092381381,1.57608825246206
-2.632761783841431,2.983230238356371,2.1805735530085744
1.5915556848417884,1.444375011756353,1.887185425822001
-0.6431627585076793,1.992864947572596,1.3290248391715989
-2.234175577085713,0.17637124154179318,-0.9587781456279525
-2.1240603391003097,1.9856508229369862,0.7885591250407613
-5.473688754786738,0.861669389384505,-2.049616712988767
4.451904452478492,0.2950626711418926,2.1792319412343524
-1.6690894987721632,0.2463176753485593,-0.2610057742378582
-2.222474835750153,-1.1831626310739185,-1.7402565185383574
5.620262715401386,-1.0570603889595989,1.2124096102377013
5.258830715905512,-1.771360707021452,0.02556276508713684
4.490817922217211,0.0684818540144071,1.6598200266091125
4.948128729059758,-1.3804074895746066,0.29675341177582865
-5.777543027893793,-0.10121134980810287,-1.325574331837027
12.297673446685078,-2.6948362617445305,2.24031952543028
