val
0.3738415
0.3361041
0.04297513
0.1978298
0.6330595
0.02744614
0.5013886
0.1951493
0.2813366
0.3412404
0.06436688
0.01063481
0.9372553
0.02404884
0.15037
0.6237989
0.4776784
1.189833
0.3997556
1.602981
0.1183541
0.4243231
0.6917195
0.269409
1.121666
0.2203715
0.6974141
0.7145913
0.4704817
1.313218
0.382415
0.08670004
0.7622611
0.4879843
0.01069455
1.34135
1.118469
0.2025946
0.6724206
0.6360675
0.2733544
0.3613858
0.8217599
0.2343515
0.1496474
0.9809966
0.2691267
0.1504126
0.3318483
0.2833813
0.2490437
0.7514175
0.6698148
0.4976555
0.6600269
0.4105833
0.03138272
0.5766789
0.6979096
0.05846901
0.2107172
0.4895078
0.9074523
0.003392376
1.587539
0.2884497
0.448221
0.09931166
0.2358492
1.143447
2.023071
1.100776
1.530344
0.233616
1.634969
0.7315356
0.008271886
0.787554
1.260414
2.155339
0.1859701
0.8706275
0.3770482
0.3631054
0.04336215
0.01244635
0.5858881
0.01236924
0.8486922
0.4902466
0.4120404
0.09583922
0.1909862
0.2088943
0.5041155
0.585172
0.09156813
0.1013976
0.7581173
0.5687355
0.764479
0.3308995
0.03015735
0.3572513
0.2597969
0.1260408
0.4897551
0.1419704
1.113199
0.3814766
0.1571817
0.2181253
0.2226645
1.279302
1.865545
0.2105774
0.4936102
0.5370131
0.8014773
0.5600284
1.069163
0.1553866
0.2149799
0.3324296
0.505523
0.2341392
0.0576453
0.0366241
0.3990825
1.595936
0.1266888
0.4679984
0.04621827
0.106119
0.626969
0.07019406
0.4119379
0.4020965
0.1668328
0.2732438
0.6974454
0.2680442
0.08966647
0.06724959
0.5222663
0.1747911
0.9416096
0.7514809
0.7104865
0.5084309
0.1154857
0.1824363
0.6970113
0.4840107
0.001863076
0.4018588
0.2450713
0.3348069
0.6299504
0.4958093
0.3019402
0.005366414
0.6501043
0.03796325
1.021989
0.2118697
0.4707605
0.2704004
1.321311
0.09696782
2.188111
0.2409568
0.06660918
1.280471
0.5414512
0.3837916
3.256096
1.004998
0.2514751
0.3393531
0.8383357
0.8518915
0.8908661
0.7080625
1.168517
0.07303301
0.5327053
0.1147521
0.9753253
0.3213748
0.3726167
0.1727307
0.4002532
0.0483612
0.2494297
0.5799116
0.1709357
0.1557276
0.1568429
0.7000929
1.258176
0.4355035
0.178777
1.806399
0.9356636
0.1436091
0.8629477
0.6264866
1.269334
0.2197008
0.7583578
0.2969995
0.5369921
0.1694856
0.03511586
0.1225278
0.909182
0.01581168
0.8189534
0.2964199
0.006237891
0.2184966
1.252229
1.893663
0.5210179
0.05628177
1.212687
1.275569
0.0005915008
0.372248
1.036964
2.181002
0.4642938
0.9659181
0.2247901
0.009523886
0.1206926
0.8751231
0.09445474
0.4746238
1.149048
0.3431293
0.1757794
0.1956102
0.2112919
0.02201081
0.3569651
0.2076366
0.05429626
0.2223993
0.5667739
0.08781007
0.7536014
0.522717
0.03570334
0.03240581
0.6537989
0.642187
0.3440485
0.1632107
0.1426257
0.3643257
0.07571262
0.7778268
1.015702
1.108459
0.3433132
0.2957041
0.6201306
0.05173209
0.05452919
0.6098192
0.2716929
0.1826228
0.07527654
0.7216605
0.2176215
0.2865396
0.298047
0.7432086
0.1183813
0.05517601
0.3706005
1.050129
0.3822419
0.3314336
0.4994134
0.5301942
0.8414784
0.1316451
0.1170888
0.2678542
0.148403
0.02530784
0.401585
0.8073106
0.4674424
0.6854148
0.2598112
0.01486344
1.232043
1.325433
0.07758014
0.2064064
0.01348864
0.0560722
0.2855116
0.9174837
1.216512
0.4346873
0.03230597
0.4509477
0.7359837
1.076584
0.9007232
0.4567422
0.9912492
0.3062347
0.1326541
0.1752537
0.3544303
0.8842201
0.6124879
0.02189291
0.7637846
0.5641274
0.1243288
0.0750602
0.3253072
1.094145
0.1821488
0.1515257
1.50448
0.2385889
0.8883902
0.1136182
0.08018655
0.1914551
1.344261
0.5714635
0.1782745
1.709388
0.1012067
0.0911615
0.4325213
0.08961382
0.7866558
0.9243073
0.1379593
0.8396946
0.2834147
0.1448201
0.2273994
1.078717
0.2303581
0.02028977
0.2505974
0.7955256
0.1528172
0.3383459
0.09998603
0.5362265
0.2370898
0.8662021
0.1889924
1.007293
0.8077509
0.1982489
0.301392
0.1789192
0.2949177
0.2164529
0.1271897
0.1387123
0.05954994
0.8638239
0.4956281
0.1427312
1.272025
0.565714
0.3050341
0.09071773
0.2690581
0.05687042
0.2153771
0.5664861
0.002777102
0.0885168
0.7268353
1.080994
0.1040071
0.631043
0.1616417
0.6553912
0.1621223
0.6119957
0.864921
0.348182
1.508869
0.0105162
0.09565661
0.0690079
0.6337977
0.7470224
0.2296573
0.6710515
0.4221506
0.03188937
0.8985118
1.892589
1.356933
1.004935
0.0299003
0.2618919
0.0201293
0.05012667
0.2714034
0.4877633
0.01534663
0.8126196
0.2126743
0.2371491
0.5283023
0.240117
0.1233945
0.369884
0.5467868
0.8933438
0.01409961
0.05157094
0.07959616
0.6400456
0.3650024
0.7000892
0.06622042
0.4179746
0.9625519
0.02167206
0.7825693
0.004688304
0.1272024
0.3801821
0.1352645
0.2878404
1.606306
0.9273198
0.09653986
0.1235632
0.4347793
0.2425672
0.4865947
0.1751234
1.532089
0.4166745
0.4664275
0.3700089
0.5569904
1.117301
0.1895217
0.5470568
0.1369762
0.178506
0.4363046
0.2154332
0.03222284
0.5022673
0.2423935
0.1505149
1.648725
0.438407
0.4319278
0.2243019
0.4198737
0.05587338
0.1171927
0.1273518
0.5626999
0.06767229
1.083193
0.3642232
0.1819406
0.7371723
0.09705759
0.9008367
0.4177816
1.526734
1.218461
0.5553737
0.9429868
0.581186
0.6683522
0.412343
1.157791
0.09342889
1.041067
1.214944
0.03721587
0.1196588
0.0991705
0.3684017
